18.2163900 42.5052800 3.0 Abha
20.0049020 41.4524460 3.0 Al-Bahah
30.9747140 41.0233360 3.0 Arar
26.3259900 43.9749700 3.0 Buraidah
26.4344200 50.1032600 3.0 Dammam
26.2886400 50.1139600 3.0 Dhahran
27.5241320 41.6986930 3.0 Hail
16.9096830 42.5679020 3.0 Jazan
18.3053030 42.7292820 3.0 Khamis Mushait
21.4225100 39.8261680 3.0 Makkah
24.4686100 39.6141700 3.0 Medina
17.4937540 44.1400320 3.0 Najran
24.6877300 46.7218500 3.0 Riyadh
29.9029354 40.1848983 3.0 Sakakah
28.3998000 36.5715000 3.0 Tabuk
